x_true,y_true,vx_true,vy_true,x_est,y_est,vx_est,vy_est,sensor,nis
0.6000,0.6000,5.1999,0.0000,0.3122,0.5803,0.0000,0.0000,L,0.0000
0.8600,0.6000,5.1997,0.0018,0.3262,0.2630,2.1250,3.9496,R,22.6991
1.1200,0.6002,5.1994,0.0054,1.1390,0.4958,2.9196,3.4049,L,1.1498
1.3800,0.6006,5.1990,0.0108,1.2747,0.5288,4.3773,1.0909,R,2.3748
1.6399,0.6013,5.1984,0.0180,1.5428,0.6125,4.4045,1.0568,L,0.9516
1.8998,0.6025,5.1977,0.0269,1.7890,0.5705,4.9497,0.1763,R,6.3109
2.1597,0.6041,5.1968,0.0377,2.0798,0.6031,4.9729,0.2126,L,0.9010
2.4195,0.6063,5.1957,0.0502,2.2994,0.6439,5.0034,0.5625,R,1.8113
2.6793,0.6092,5.1945,0.0646,2.5725,0.6706,5.0316,0.5329,L,0.3995
2.9390,0.6128,5.1931,0.0807,2.8450,0.6606,5.1460,0.3161,R,0.7643
3.1987,0.6173,5.1915,0.0985,3.0822,0.6655,5.1326,0.2641,L,0.3199
3.4583,0.6227,5.1896,0.1182,3.3740,0.5611,5.2079,-0.5793,R,2.6853
3.7177,0.6291,5.1875,0.1396,3.6808,0.4517,5.1568,-1.2955,L,3.8330
3.9771,0.6367,5.1852,0.1627,3.9603,0.5480,5.3255,-0.3696,R,4.0009
4.2363,0.6454,5.1826,0.1876,4.2387,0.5441,5.3377,-0.3412,L,0.3437
4.4954,0.6555,5.1796,0.2142,4.4995,0.5832,5.3010,-0.0932,R,0.9975
4.7544,0.6669,5.1763,0.2426,4.6920,0.6981,5.1454,0.4966,L,9.0992
5.0132,0.6798,5.1727,0.2726,4.9456,0.6970,5.1028,0.4264,R,1.8993
5.2717,0.6942,5.1687,0.3044,5.2515,0.6878,5.1826,0.3222,L,3.9227
5.5301,0.7103,5.1642,0.3379,5.5113,0.6938,5.2265,0.3128,R,1.5631
5.7883,0.7281,5.1593,0.3730,5.8106,0.7045,5.2785,0.3073,L,2.3528
6.0462,0.7476,5.1539,0.4098,6.0563,0.6287,5.2115,-0.0172,R,4.1370
6.3038,0.7691,5.1480,0.4482,6.3146,0.7434,5.1923,0.3878,L,2.9653
6.5611,0.7925,5.1416,0.4883,6.5653,0.7782,5.1484,0.4618,R,0.4304
6.8181,0.8180,5.1345,0.5300,6.8175,0.7715,5.1475,0.3940,L,0.2871
7.0747,0.8456,5.1268,0.5733,7.0617,0.7564,5.0629,0.3025,R,3.3271
7.3309,0.8754,5.1185,0.6181,7.2842,0.8392,5.0083,0.5183,L,2.1274
7.5867,0.9074,5.1095,0.6645,7.5769,0.8520,5.1260,0.5088,R,4.7194
7.8420,0.9419,5.0997,0.7125,7.8315,0.8248,5.1308,0.3849,L,0.7781
8.0968,0.9788,5.0891,0.7619,8.0814,0.8447,5.0658,0.3967,R,2.5342
8.3511,1.0181,5.0777,0.8128,8.3217,0.8583,5.0485,0.3965,L,0.3024
8.6047,1.0601,5.0654,0.8652,8.5899,0.9498,5.1304,0.6046,R,6.3449
8.8578,1.1047,5.0522,0.9190,8.8297,1.0047,5.0997,0.6938,L,0.5028
9.1101,1.1521,5.0380,0.9742,9.1191,1.0450,5.1531,0.7353,R,6.8928
9.3617,1.2022,5.0228,1.0308,9.3589,1.0740,5.1268,0.7461,L,0.5890
9.6125,1.2552,5.0066,1.0887,9.6378,1.1480,5.1629,0.8648,R,4.3785
9.8625,1.3112,4.9892,1.1479,9.9129,1.2709,5.1578,1.0908,L,2.8968
10.1117,1.3701,4.9707,1.2084,10.1611,1.3611,5.0609,1.2131,R,4.8338
10.3598,1.4321,4.9511,1.2701,10.3880,1.4384,5.0079,1.2999,L,1.0466
10.6069,1.4972,4.9301,1.3330,10.6197,1.5225,4.8828,1.3854,R,4.1184
10.8530,1.5655,4.9079,1.3970,10.8469,1.5518,4.8585,1.3475,L,1.2968
11.0979,1.6370,4.8844,1.4621,11.1125,1.6041,4.9014,1.3612,R,1.9857
11.3416,1.7118,4.8595,1.5283,11.3932,1.6485,4.9458,1.3489,L,2.0688
11.5840,1.7899,4.8331,1.5955,11.6245,1.7059,4.8868,1.3655,R,0.9023
11.8251,1.8714,4.8053,1.6637,11.8554,1.7684,4.8588,1.3941,L,0.3338
12.0647,1.9564,4.7760,1.7327,12.1113,1.8580,4.8981,1.4824,R,1.3596
12.3029,2.0448,4.7451,1.8027,12.3550,1.8865,4.8970,1.4195,L,0.7323
12.5394,2.1368,4.7126,1.8734,12.6110,1.9481,4.9427,1.4363,R,0.9246
12.7743,2.2323,4.6784,1.9448,12.8122,2.0787,4.8517,1.6102,L,3.2504
13.0075,2.3314,4.6426,2.0170,13.0791,2.1855,4.9199,1.7159,R,3.3679
13.2388,2.4341,4.6050,2.0898,13.2835,2.3241,4.8259,1.8841,L,2.5609
13.4682,2.5405,4.5656,2.1632,13.4638,2.4650,4.6259,2.0342,R,11.0672
13.6955,2.6505,4.5245,2.2370,13.7138,2.5812,4.6215,2.1217,L,0.8802
13.9208,2.7643,4.4815,2.3113,13.9338,2.6926,4.5618,2.1899,R,0.2333
14.1439,2.8818,4.4366,2.3860,14.1630,2.8462,4.5145,2.3446,L,0.6952
14.3646,3.0030,4.3897,2.4610,14.4130,2.9559,4.5724,2.3922,R,1.4081
14.5830,3.1280,4.3410,2.5362,14.6195,3.0300,4.5308,2.3528,L,2.1793
14.7989,3.2568,4.2902,2.6116,14.8511,3.1821,4.5314,2.4873,R,3.7967
15.0122,3.3893,4.2374,2.6870,15.0594,3.3742,4.4391,2.6949,L,1.2457
15.2228,3.5256,4.1826,2.7625,15.2709,3.5387,4.3359,2.8192,R,2.6413
15.4306,3.6657,4.1257,2.8379,15.4849,3.7270,4.2616,2.9869,L,0.7383
15.6355,3.8096,4.0668,2.9131,15.6964,3.8608,4.2161,3.0213,R,0.9516
15.8375,3.9572,4.0057,2.9882,15.9179,4.0057,4.1883,3.0731,L,0.1927
16.0363,4.1085,3.9425,3.0629,16.1136,4.1674,4.0613,3.1489,R,1.8242
16.2319,4.2636,3.8772,3.1372,16.3112,4.3631,3.9792,3.2954,L,0.4462
16.4242,4.4224,3.8097,3.2111,16.5213,4.5268,3.9484,3.3603,R,0.6204
16.6130,4.5849,3.7400,3.2844,16.6993,4.6956,3.8612,3.4309,L,0.5016
16.7983,4.7510,3.6682,3.3570,16.8528,4.8854,3.6303,3.5214,R,4.5919
16.9799,4.9208,3.5942,3.4290,17.0173,5.1110,3.5048,3.6904,L,0.6924
17.1579,5.0941,3.5180,3.5001,17.1871,5.2802,3.4103,3.7276,R,1.6950
17.3319,5.2709,3.4396,3.5703,17.3460,5.4623,3.3190,3.7887,L,0.2050
17.5019,5.4513,3.3591,3.6395,17.5021,5.6305,3.2107,3.8098,R,3.1825
17.6679,5.6351,3.2764,3.7076,17.6942,5.7557,3.2201,3.7452,L,1.6568
17.8297,5.8222,3.1915,3.7746,17.8380,5.9504,3.0736,3.8114,R,1.0672
17.9872,6.0127,3.1045,3.8403,18.0116,6.1418,3.0301,3.8703,L,0.7317
18.1402,6.2064,3.0154,3.9046,18.1615,6.3483,2.9453,3.9532,R,0.7144
18.2888,6.4033,2.9242,3.9675,18.2831,6.5864,2.8018,4.0892,L,0.6464
18.4328,6.6033,2.8309,4.0289,18.4151,6.7991,2.6850,4.1592,R,0.2676
18.5720,6.8064,2.7356,4.0887,18.5623,6.9371,2.6602,4.0843,L,1.9565
18.7064,7.0124,2.6383,4.1467,18.7116,7.1435,2.6381,4.1450,R,0.6675
18.8359,7.2212,2.5389,4.2030,18.9074,7.2835,2.7017,4.0577,L,3.9362
18.9604,7.4328,2.4377,4.2574,18.9963,7.4852,2.5000,4.0921,R,3.9950
19.0798,7.6471,2.3345,4.3098,19.0876,7.7484,2.3363,4.2478,L,1.2979
19.1939,7.8640,2.2295,4.3602,19.2086,7.9551,2.2727,4.2849,R,0.2784
19.3028,8.0833,2.1227,4.4084,19.2878,8.1716,2.1298,4.3363,L,1.3807
19.4062,8.3050,2.0141,4.4544,19.3871,8.3820,2.0603,4.3749,R,2.2613
19.5042,8.5289,1.9038,4.4982,19.4817,8.5304,1.9989,4.2922,L,3.7569
19.5966,8.7549,1.7919,4.5396,19.5732,8.7382,1.8912,4.3124,R,0.5457
19.6835,8.9830,1.6784,4.5785,19.7339,8.9136,1.9418,4.2686,L,4.1281
19.7645,9.2129,1.5634,4.6149,19.8080,9.1339,1.7914,4.3042,R,1.0011
19.8398,9.4446,1.4470,4.6487,19.9376,9.3609,1.7758,4.3510,L,3.0410
19.9093,9.6779,1.3292,4.6798,19.9842,9.5808,1.5667,4.3692,R,2.6895
19.9728,9.9128,1.2100,4.7083,20.0711,9.8219,1.4843,4.4365,L,0.7932
20.0303,10.1489,1.0897,4.7339,20.1319,10.0705,1.3794,4.5185,R,7.1800
20.0818,10.3863,0.9683,4.7567,20.1798,10.3443,1.2261,4.6258,L,0.9700
20.1271,10.6247,0.8457,4.7765,20.1967,10.5786,1.0005,4.6386,R,3.0183
20.1663,10.8640,0.7223,4.7934,20.2547,10.8533,0.8862,4.7294,L,2.0582
20.1993,11.1041,0.5979,4.8073,20.2836,11.1097,0.7502,4.7849,R,4.8951
20.2261,11.3449,0.4727,4.8181,20.3178,11.3491,0.6355,4.8013,L,0.0001
20.2466,11.5861,0.3469,4.8257,20.2651,11.5959,0.2702,4.7786,R,10.9637
20.2608,11.8275,0.2204,4.8303,20.3362,11.8375,0.2473,4.7938,L,4.6860
20.2687,12.0692,0.0935,4.8316,20.3615,12.0719,0.2169,4.8185,R,3.5816
20.2701,12.3108,-0.0339,4.8297,20.3478,12.3603,0.0341,4.8954,L,1.1555
20.2652,12.5522,-0.1615,4.8245,20.2986,12.5979,-0.2452,4.8461,R,3.3835
20.2540,12.7933,-0.2894,4.8161,20.3235,12.8377,-0.3048,4.8391,L,1.7966
20.2363,13.0339,-0.4173,4.8043,20.3111,13.0683,-0.4314,4.8072,R,2.1083
20.2122,13.2738,-0.5453,4.7892,20.2764,13.2816,-0.5680,4.7517,L,1.0337
20.1818,13.5129,-0.6731,4.7707,20.2379,13.5158,-0.6959,4.7363,R,1.2834
20.1449,13.7509,-0.8008,4.7489,20.2167,13.7756,-0.8042,4.7541,L,1.2961
20.1017,13.9878,-0.9280,4.7237,20.1613,14.0023,-0.9723,4.7007,R,0.8860
20.0521,14.2233,-1.0549,4.6952,20.1054,14.2586,-1.1191,4.7048,L,0.3594
19.9962,14.4573,-1.1812,4.6633,20.0336,14.4872,-1.2674,4.6626,R,1.3920
19.9340,14.6897,-1.3069,4.6280,19.9244,14.7431,-1.4849,4.6521,L,1.2563
19.8655,14.9202,-1.4318,4.5894,19.8579,14.9607,-1.5611,4.6075,R,3.3748
19.7908,15.1486,-1.5558,4.5475,19.8272,15.1781,-1.5926,4.5551,L,2.1211
19.7099,15.3749,-1.6789,4.5023,19.6959,15.3876,-1.9097,4.3959,R,8.0441
19.6229,15.5989,-1.8008,4.4537,19.6673,15.5750,-1.9101,4.3057,L,3.5022
19.5298,15.8203,-1.9216,4.4019,19.5741,15.7791,-2.0177,4.2384,R,1.3184
19.4307,16.0390,-2.0411,4.3469,19.4699,15.9935,-2.1449,4.1827,L,0.0159
19.3257,16.2549,-2.1592,4.2887,19.3688,16.2010,-2.2146,4.1460,R,1.7905
19.2148,16.4679,-2.2759,4.2273,19.2594,16.3785,-2.3153,4.0395,L,0.6547
19.0981,16.6777,-2.3909,4.1628,19.1422,16.5745,-2.4304,3.9623,R,0.2688
18.9757,16.8841,-2.5042,4.0953,19.0107,16.7861,-2.5601,3.9128,L,0.1646
18.8477,17.0872,-2.6157,4.0248,18.8540,16.9786,-2.7891,3.7687,R,6.6475
18.7142,17.2866,-2.7253,3.9513,18.6783,17.2164,-2.9813,3.7472,L,1.8935
18.5752,17.4822,-2.8330,3.8749,18.5759,17.4196,-2.9210,3.7718,R,6.0178
18.4309,17.6740,-2.9386,3.7957,18.3605,17.6131,-3.1407,3.6803,L,3.8717
18.2814,17.8617,-3.0420,3.7137,18.2243,17.8043,-3.1508,3.6595,R,2.4335
18.1268,18.0453,-3.1432,3.6291,18.0923,17.9897,-3.1991,3.5912,L,0.9071
17.9671,18.2246,-3.2420,3.5418,17.9171,18.1448,-3.3362,3.4409,R,1.9415
17.8026,18.3994,-3.3385,3.4520,17.7868,18.2860,-3.3565,3.3147,L,1.0753
17.6334,18.5697,-3.4325,3.3597,17.6541,18.4664,-3.3684,3.2771,R,6.6872
17.4595,18.7353,-3.5239,3.2651,17.4578,18.6491,-3.4989,3.2171,L,0.5081
17.2810,18.8962,-3.6127,3.1682,17.2778,18.7902,-3.5943,3.0839,R,1.7337
17.0983,19.0521,-3.6988,3.0690,17.1168,18.9261,-3.6368,2.9682,L,0.3094
16.9113,19.2030,-3.7822,2.9678,16.9496,19.0964,-3.6791,2.9291,R,3.0782
16.7201,19.3488,-3.8628,2.8646,16.7321,19.2124,-3.7974,2.7807,L,2.6878
16.5251,19.4894,-3.9405,2.7594,16.5418,19.3662,-3.8778,2.7019,R,3.2449
16.3262,19.6246,-4.0153,2.6524,16.3149,19.5287,-4.0051,2.6401,L,0.8696
16.1237,19.7545,-4.0872,2.5436,16.0925,19.6121,-4.1142,2.4273,R,10.0584
15.9176,19.8789,-4.1560,2.4333,15.8864,19.7565,-4.1850,2.3558,L,0.7722
15.7082,19.9978,-4.2218,2.3214,15.6984,19.8803,-4.1712,2.3136,R,3.2528
15.4956,20.1110,-4.2846,2.2081,15.4659,20.0343,-4.2739,2.2706,L,1.3438
15.2799,20.2185,-4.3443,2.0935,15.2535,20.1771,-4.3209,2.2336,R,5.7011
15.0613,20.3203,-4.4008,1.9776,15.0655,20.3076,-4.3307,2.1735,L,1.8876
14.8400,20.4162,-4.4542,1.8607,14.8351,20.3908,-4.4066,2.0141,R,2.1055
14.6161,20.5063,-4.5044,1.7427,14.6193,20.5097,-4.4499,1.9436,L,0.6391
14.3897,20.5904,-4.5515,1.6239,14.3819,20.5979,-4.5347,1.7944,R,1.2574
14.1611,20.6686,-4.5954,1.5042,14.1356,20.6720,-4.6041,1.6541,L,0.7060
13.9304,20.7408,-4.6361,1.3839,13.8978,20.7442,-4.6686,1.4978,R,0.3732
13.6977,20.8070,-4.6736,1.2629,13.6233,20.8086,-4.7671,1.3512,L,1.6750
13.4632,20.8671,-4.7079,1.1415,13.3738,20.8407,-4.8408,1.1067,R,2.4596
13.2271,20.9211,-4.7390,1.0197,13.1289,20.8816,-4.8703,0.9472,L,0.1694
12.9895,20.9690,-4.7670,0.8977,12.8962,20.9402,-4.8813,0.8383,R,1.7638
12.7506,21.0108,-4.7919,0.7755,12.6992,20.9825,-4.8314,0.7169,L,1.9816
12.5106,21.0465,-4.8136,0.6532,12.4451,21.0238,-4.8765,0.5840,R,2.5579
12.2695,21.0761,-4.8322,0.5309,12.1991,21.0609,-4.8984,0.4644,L,0.1335
12.0276,21.0996,-4.8477,0.4088,11.9598,21.0808,-4.9085,0.3119,R,0.9745
11.7850,21.1170,-4.8602,0.2869,11.7186,21.0513,-4.8919,0.0987,L,1.9398
11.5418,21.1283,-4.8697,0.1653,11.4709,21.0380,-4.8931,-0.0752,R,1.0943
11.2982,21.1335,-4.8762,0.0441,11.2572,21.0306,-4.8413,-0.2153,L,0.7068
11.0544,21.1327,-4.8798,-0.0766,11.0020,20.9924,-4.8443,-0.4075,R,4.1590
10.8105,21.1259,-4.8805,-0.1966,10.7940,20.9536,-4.7703,-0.5744,L,0.6050
10.5666,21.1131,-4.8784,-0.3160,10.5471,20.9514,-4.7502,-0.6088,R,5.5284
10.3229,21.0943,-4.8735,-0.4347,10.2645,20.9792,-4.8293,-0.6399,L,3.3812
10.0795,21.0697,-4.8658,-0.5525,10.0262,20.9604,-4.8100,-0.7335,R,1.0228
9.8366,21.0391,-4.8555,-0.6693,9.8351,20.9201,-4.7116,-0.8602,L,1.6608
9.5942,21.0028,-4.8426,-0.7852,9.6039,20.9097,-4.6689,-0.8578,R,2.3881
9.3526,20.9607,-4.8271,-0.9000,9.4126,20.8570,-4.5776,-0.9842,L,0.9559
9.1118,20.9128,-4.8092,-1.0136,9.1935,20.8147,-4.5424,-1.0845,R,1.4611
8.8719,20.8594,-4.7888,-1.1260,8.8969,20.7842,-4.6379,-1.1518,L,2.3791
8.6331,20.8003,-4.7661,-1.2372,8.6840,20.7047,-4.5733,-1.3038,R,4.3892
8.3956,20.7358,-4.7411,-1.3470,8.4049,20.6217,-4.6163,-1.4427,L,2.8284
8.1593,20.6657,-4.7139,-1.4554,8.1768,20.5418,-4.5773,-1.5749,R,0.0797
7.9244,20.5903,-4.6845,-1.5624,7.9333,20.4620,-4.5633,-1.6857,L,0.1381
7.6911,20.5096,-4.6531,-1.6678,7.7172,20.3760,-4.5124,-1.8325,R,3.4547
7.4594,20.4237,-4.6198,-1.7717,7.4048,20.3185,-4.6296,-1.8796,L,3.4798
7.2294,20.3326,-4.5845,-1.8740,7.1727,20.2222,-4.5836,-1.9782,R,0.2313
7.0012,20.2364,-4.5474,-1.9746,6.9068,20.1394,-4.6086,-2.0513,L,0.6604
6.7749,20.1352,-4.5085,-2.0736,6.6818,20.0480,-4.5561,-2.1165,R,0.5229
6.5506,20.0292,-4.4680,-2.1708,6.4336,19.9564,-4.5524,-2.1878,L,0.3188
6.3283,19.9183,-4.4260,-2.2663,6.2172,19.8629,-4.4947,-2.2566,R,2.8853
6.1082,19.8027,-4.3824,-2.3599,5.9533,19.7693,-4.5245,-2.3126,L,0.7687
5.8903,19.6824,-4.3374,-2.4518,5.7217,19.6245,-4.4799,-2.4988,R,1.8685
5.6747,19.5577,-4.2911,-2.5418,5.5481,19.5012,-4.3391,-2.5956,L,1.4750
5.4615,19.4284,-4.2436,-2.6299,5.3463,19.3523,-4.2473,-2.7329,R,1.7569
5.2506,19.2948,-4.1949,-2.7162,5.1342,19.2505,-4.2038,-2.7703,L,1.9579
5.0422,19.1570,-4.1451,-2.8006,4.9450,19.1382,-4.1134,-2.7796,R,4.6862
4.8363,19.0150,-4.0943,-2.8830,4.7840,18.9876,-3.9701,-2.8872,L,0.7226
4.6330,18.8689,-4.0426,-2.9636,4.5742,18.8376,-3.9296,-3.0078,R,1.4995
4.4322,18.7188,-3.9901,-3.0422,4.3980,18.7061,-3.8370,-3.0648,L,1.1239
4.2342,18.5648,-3.9369,-3.1189,4.2184,18.5635,-3.7485,-3.0944,R,1.3209
4.0388,18.4071,-3.8829,-3.1936,4.0953,18.4090,-3.5662,-3.1761,L,1.9462
3.8461,18.2457,-3.8284,-3.2664,3.9077,18.2370,-3.5184,-3.3664,R,7.2918
3.6561,18.0807,-3.7734,-3.3373,3.6503,18.0950,-3.6065,-3.4013,L,2.6538
3.4689,17.9122,-3.7179,-3.4063,3.4902,17.9442,-3.5008,-3.4018,R,3.3940
3.2845,17.7402,-3.6622,-3.4733,3.2620,17.7767,-3.5324,-3.4642,L,1.1940
3.1029,17.5650,-3.6061,-3.5384,3.0798,17.5934,-3.4714,-3.6023,R,2.3605
2.9241,17.3866,-3.5498,-3.6017,2.9029,17.4753,-3.4339,-3.5757,L,6.1699
2.7480,17.2051,-3.4934,-3.6630,2.7567,17.2598,-3.2959,-3.7743,R,3.1223
2.5749,17.0205,-3.4370,-3.7225,2.5815,17.0736,-3.2357,-3.8412,L,0.0571
2.4045,16.8330,-3.3806,-3.7801,2.4201,16.9073,-3.1634,-3.7997,R,2.1095
2.2369,16.6427,-3.3243,-3.8360,2.2566,16.7350,-3.1063,-3.8355,L,0.5153
2.0722,16.4497,-3.2681,-3.8900,2.0835,16.5390,-3.0639,-3.8572,R,4.9759
1.9103,16.2540,-3.2122,-3.9422,1.9275,16.3088,-2.9804,-3.9711,L,2.2378
1.7511,16.0557,-3.1566,-3.9926,1.7739,16.1325,-2.9244,-3.9492,R,1.0517
1.5947,15.8549,-3.1013,-4.0413,1.5692,15.9634,-2.9834,-3.9512,L,1.8064
1.4411,15.6517,-3.0464,-4.0883,1.4389,15.7329,-2.8626,-4.1133,R,1.9906
1.2902,15.4463,-2.9921,-4.1336,1.2658,15.5144,-2.8447,-4.1813,L,0.7877
1.1420,15.2386,-2.9383,-4.1773,1.1104,15.3215,-2.8067,-4.1860,R,1.0050
0.9965,15.0288,-2.8850,-4.2193,0.8980,15.1019,-2.8830,-4.2381,L,2.3770
0.8536,14.8169,-2.8325,-4.2598,0.7548,14.9217,-2.8330,-4.1825,R,2.5854
0.7133,14.6030,-2.7806,-4.2986,0.6527,14.7078,-2.6894,-4.2355,L,0.4618
0.5756,14.3872,-2.7295,-4.3360,0.5380,14.4671,-2.5677,-4.3682,R,1.7150
0.4405,14.1696,-2.6792,-4.3718,0.3637,14.2442,-2.5913,-4.4137,L,0.8574
0.3078,13.9502,-2.6298,-4.4062,0.2375,13.9922,-2.4919,-4.5797,R,2.9649
0.1775,13.7292,-2.5813,-4.4391,0.2230,13.7450,-2.1700,-4.6485,L,3.8164
0.0497,13.5065,-2.5338,-4.4706,0.1168,13.5020,-2.0662,-4.7478,R,0.9644
-0.0758,13.2823,-2.4873,-4.5008,-0.0488,13.2701,-2.1105,-4.7827,L,1.3136
-0.1990,13.0566,-2.4418,-4.5296,-0.1657,13.0521,-2.0629,-4.7440,R,1.1475
-0.3199,12.8295,-2.3974,-4.5570,-0.1698,12.8279,-1.7703,-4.7584,L,3.5305
-0.4387,12.6011,-2.3541,-4.5833,-0.2857,12.6027,-1.7488,-4.7161,R,3.4225
-0.5553,12.3714,-2.3120,-4.6082,-0.4040,12.3670,-1.7311,-4.7487,L,0.3405
-0.6698,12.1404,-2.2711,-4.6320,-0.5240,12.1585,-1.7371,-4.7021,R,3.7805
-0.7823,11.9083,-2.2314,-4.6546,-0.6015,11.9400,-1.6474,-4.7067,L,0.5279
-0.8929,11.6751,-2.1930,-4.6760,-0.7241,11.7117,-1.6671,-4.7000,R,2.8262
-1.0016,11.4409,-2.1559,-4.6963,-0.9188,11.4663,-1.8428,-4.7309,L,4.3581
-1.1085,11.2057,-2.1202,-4.7155,-1.0187,11.2419,-1.8222,-4.6680,R,2.9207
-1.2136,10.9695,-2.0858,-4.7336,-1.1953,11.0136,-1.9619,-4.6699,L,2.5414
-1.3171,10.7324,-2.0527,-4.7508,-1.2769,10.7680,-1.8672,-4.7558,R,1.2034
-1.4189,10.4945,-2.0211,-4.7669,-1.4076,10.5132,-1.9009,-4.7955,L,0.9649
-1.5192,10.2559,-1.9909,-4.7820,-1.4971,10.2506,-1.8279,-4.8835,R,1.3263
-1.6180,10.0165,-1.9622,-4.7962,-1.5949,10.0406,-1.7996,-4.8537,L,2.0540
-1.7154,9.7764,-1.9350,-4.8094,-1.6826,9.8117,-1.7574,-4.8311,R,0.5571
-1.8115,9.5356,-1.9092,-4.8217,-1.7574,9.5920,-1.6873,-4.8170,L,0.8112
-1.9063,9.2943,-1.8850,-4.8332,-1.8687,9.3395,-1.6890,-4.8827,R,2.5687
-2.0000,9.0524,-1.8623,-4.8437,-1.9527,9.0463,-1.6347,-4.9681,L,3.9958
-2.0926,8.8100,-1.8412,-4.8535,-2.0372,8.8246,-1.6136,-4.9082,R,1.9004
-2.1841,8.5672,-1.8216,-4.8624,-2.1342,8.5723,-1.6066,-4.9333,L,0.1662
-2.2747,8.3239,-1.8037,-4.8705,-2.2630,8.3176,-1.6765,-4.9541,R,2.8923
-2.3645,8.0802,-1.7873,-4.8778,-2.3095,8.0853,-1.5588,-4.9434,L,0.7658
-2.4535,7.8362,-1.7725,-4.8843,-2.3711,7.8738,-1.4946,-4.8895,R,5.5012
-2.5418,7.5918,-1.7593,-4.8901,-2.4856,7.6218,-1.5436,-4.9160,L,0.7719
-2.6294,7.3472,-1.7478,-4.8951,-2.6465,7.3873,-1.7301,-4.8489,R,5.8843
-2.7166,7.1024,-1.7379,-4.8993,-2.7514,7.1307,-1.7519,-4.8764,L,0.3788
-2.8033,6.8573,-1.7296,-4.9029,-2.8134,6.8969,-1.6626,-4.8914,R,1.5851
-2.8896,6.6121,-1.7230,-4.9057,-2.8542,6.6907,-1.5502,-4.8393,L,2.4267
-2.9756,6.3668,-1.7180,-4.9077,-2.9164,6.4707,-1.5281,-4.7588,R,3.9775
-3.0614,6.1214,-1.7146,-4.9091,-2.9715,6.2349,-1.4627,-4.7592,L,0.2784
-3.1471,5.8759,-1.7130,-4.9098,-3.0904,5.9867,-1.5329,-4.7963,R,3.5660
-3.2327,5.6304,-1.7129,-4.9097,-3.1750,5.7113,-1.5306,-4.8564,L,1.7316
-3.3184,5.3850,-1.7146,-4.9089,-3.2844,5.4643,-1.6223,-4.8258,R,2.3933
-3.4042,5.1395,-1.7179,-4.9074,-3.3821,5.2018,-1.6485,-4.8636,L,0.6470
-3.4903,4.8942,-1.7228,-4.9052,-3.4506,4.9562,-1.5946,-4.8840,R,0.1800
-3.5766,4.6490,-1.7294,-4.9023,-3.5670,4.6760,-1.6605,-4.9507,L,2.2313
-3.6633,4.4040,-1.7376,-4.8987,-3.6774,4.4227,-1.7571,-4.9250,R,2.3309
-3.7504,4.1591,-1.7475,-4.8943,-3.8117,4.1494,-1.8552,-4.9759,L,2.6021
-3.8381,3.9145,-1.7590,-4.8892,-3.8923,3.9093,-1.8043,-4.9800,R,1.1583
-3.9263,3.6702,-1.7721,-4.8833,-3.9636,3.6779,-1.7645,-4.9475,L,0.6766
-4.0153,3.4262,-1.7869,-4.8767,-4.0644,3.4733,-1.8255,-4.8541,R,4.2547
-4.1051,3.1825,-1.8032,-4.8692,-4.1552,3.2289,-1.8293,-4.8553,L,0.0053
-4.1957,2.9392,-1.8211,-4.8610,-4.2721,2.9730,-1.9167,-4.8627,R,0.8495
-4.2873,2.6963,-1.8406,-4.8520,-4.3623,2.6984,-1.9158,-4.9124,L,1.2565
-4.3798,2.4539,-1.8617,-4.8422,-4.4493,2.4491,-1.8942,-4.9199,R,0.1590
-4.4735,2.2120,-1.8844,-4.8315,-4.5544,2.1835,-1.9178,-4.9560,L,0.6284
-4.5684,1.9707,-1.9085,-4.8199,-4.6643,1.9512,-2.0280,-4.8994,R,4.1658
-4.6644,1.7300,-1.9342,-4.8075,-4.7802,1.6765,-2.0676,-4.9517,L,1.4870
-4.7619,1.4899,-1.9614,-4.7942,-4.9045,1.4259,-2.1602,-4.9434,R,0.5945
-4.8607,1.2505,-1.9901,-4.7799,-4.9627,1.1941,-2.0991,-4.8944,L,4.9657
-4.9609,1.0118,-2.0202,-4.7647,-5.0579,0.9787,-2.0936,-4.8298,R,1.1433
-5.0628,0.7739,-2.0517,-4.7485,-5.1182,0.7484,-2.0418,-4.7913,L,3.9060
-5.1662,0.5369,-2.0847,-4.7313,-5.2131,0.4519,-2.0555,-4.8938,R,5.1935
-5.2713,0.3007,-2.1191,-4.7130,-5.2877,0.2127,-2.0268,-4.8719,L,1.5114
-5.3782,0.0655,-2.1548,-4.6937,-5.3973,-0.0210,-2.0108,-4.8487,R,5.8919
-5.4869,-0.1688,-2.1918,-4.6733,-5.4683,-0.2579,-1.9755,-4.8302,L,1.5855
-5.5975,-0.4020,-2.2301,-4.6518,-5.5880,-0.4393,-2.0597,-4.7091,R,3.8675
-5.7100,-0.6341,-2.2697,-4.6292,-5.7237,-0.6230,-2.1487,-4.6002,L,2.7379
-5.8246,-0.8650,-2.3106,-4.6054,-5.8384,-0.8533,-2.2563,-4.5978,R,5.5669
-5.9412,-1.0947,-2.3526,-4.5803,-5.9342,-1.1226,-2.2415,-4.6633,L,1.3883
-6.0599,-1.3232,-2.3958,-4.5540,-6.0235,-1.3915,-2.2168,-4.7251,R,2.7440
-6.1809,-1.5503,-2.4401,-4.5265,-6.1616,-1.5987,-2.2984,-4.6547,L,1.1495
-6.3041,-1.7759,-2.4855,-4.4976,-6.3044,-1.8393,-2.4643,-4.6720,R,4.1897
-6.4295,-2.0001,-2.5320,-4.4674,-6.4109,-2.0890,-2.4630,-4.6894,L,0.4153
-6.5574,-2.2228,-2.5795,-4.4359,-6.5617,-2.2923,-2.5485,-4.6012,R,3.1920
-6.6876,-2.4439,-2.6279,-4.4029,-6.7110,-2.5012,-2.6317,-4.5338,L,0.5617
-6.8203,-2.6632,-2.6772,-4.3685,-6.8664,-2.7152,-2.7295,-4.4831,R,1.2033
-6.9555,-2.8808,-2.7274,-4.3326,-6.9598,-2.9834,-2.6752,-4.5592,L,2.2897
-7.0932,-3.0966,-2.7784,-4.2952,-7.0887,-3.2069,-2.6814,-4.5236,R,0.2667
-7.2334,-3.3105,-2.8302,-4.2563,-7.2135,-3.4003,-2.7153,-4.4430,L,1.4349
-7.3763,-3.5224,-2.8827,-4.2159,-7.3597,-3.6492,-2.7519,-4.4702,R,4.4189
-7.5218,-3.7322,-2.9358,-4.1738,-7.5180,-3.7860,-2.8624,-4.2741,L,5.0107
-7.6700,-3.9399,-2.9895,-4.1301,-7.6625,-3.9957,-2.9213,-4.2462,R,0.4848
-7.8209,-4.1454,-3.0438,-4.0848,-7.8174,-4.2238,-2.9702,-4.2458,L,0.4980
-7.9746,-4.3485,-3.0986,-4.0378,-7.9685,-4.4423,-3.0077,-4.2278,R,0.3843
-8.1310,-4.5493,-3.1538,-3.9891,-8.1308,-4.6802,-3.0550,-4.2468,L,1.2020
-8.2901,-4.7476,-3.2093,-3.9386,-8.2707,-4.8812,-3.0133,-4.1729,R,2.4848
-8.4520,-4.9433,-3.2651,-3.8864,-8.4038,-5.0990,-3.0119,-4.1734,L,0.2676
-8.6168,-5.1364,-3.3212,-3.8324,-8.5506,-5.2639,-3.0127,-4.0459,R,3.8528
-8.7843,-5.3267,-3.3774,-3.7766,-8.7407,-5.4629,-3.1145,-3.9999,L,1.7743
-8.9547,-5.5142,-3.4338,-3.7190,-8.9003,-5.6590,-3.1455,-3.9584,R,0.3099
-9.1279,-5.6987,-3.4901,-3.6596,-9.0572,-5.8448,-3.1838,-3.9094,L,0.1252
-9.3039,-5.8803,-3.5464,-3.5982,-9.1965,-5.9992,-3.1611,-3.7909,R,6.0183
-9.4827,-6.0587,-3.6026,-3.5350,-9.3730,-6.1019,-3.2566,-3.5932,L,4.6383
-9.6643,-6.2339,-3.6586,-3.4699,-9.5489,-6.2845,-3.3177,-3.5592,R,0.9531
-9.8487,-6.4058,-3.7143,-3.4029,-9.6895,-6.4925,-3.3022,-3.5926,L,0.5494
-10.0359,-6.5743,-3.7697,-3.3340,-9.9108,-6.6549,-3.4785,-3.5231,R,7.1261
-10.2259,-6.7393,-3.8246,-3.2632,-10.1138,-6.8200,-3.5720,-3.4473,L,0.6874
-10.4186,-6.9008,-3.8791,-3.1905,-10.2986,-6.9825,-3.6466,-3.3951,R,1.0194
-10.6140,-7.0585,-3.9329,-3.1158,-10.5284,-7.1640,-3.7661,-3.3459,L,3.6988
-10.8121,-7.2124,-3.9861,-3.0392,-10.7334,-7.3070,-3.8565,-3.2471,R,1.8981
-11.0128,-7.3625,-4.0386,-2.9606,-10.9800,-7.4695,-3.9925,-3.1618,L,3.6254
-11.2161,-7.5086,-4.0902,-2.8802,-11.1680,-7.6095,-4.0047,-3.0631,R,1.2653
-11.4220,-7.6506,-4.1409,-2.7978,-11.3186,-7.7626,-3.9653,-3.0351,L,3.0740
-11.6304,-7.7885,-4.1907,-2.7135,-11.5134,-7.8898,-3.9993,-2.9285,R,1.7931
-11.8413,-7.9221,-4.2393,-2.6273,-11.6935,-7.9939,-4.0197,-2.8010,L,3.0194
-12.0546,-8.0513,-4.2868,-2.5392,-11.8855,-8.1072,-4.0077,-2.6642,R,1.7249
-12.2702,-8.1761,-4.3331,-2.4493,-12.1003,-8.1980,-4.0806,-2.5138,L,0.7313
-12.4881,-8.2963,-4.3780,-2.3576,-12.3272,-8.3277,-4.2139,-2.4837,R,2.7865
-12.7082,-8.4119,-4.4216,-2.2640,-12.5312,-8.4084,-4.2524,-2.3336,L,1.8084
-12.9304,-8.5228,-4.4636,-2.1686,-12.7351,-8.4959,-4.2445,-2.1816,R,1.6807
-13.1547,-8.6289,-4.5041,-2.0715,-13.0139,-8.5855,-4.3906,-2.0280,L,4.3430
-13.3810,-8.7300,-4.5429,-1.9727,-13.2629,-8.6874,-4.5025,-1.9489,R,2.8262
-13.6092,-8.8262,-4.5800,-1.8721,-13.4850,-8.7340,-4.5413,-1.7619,L,1.9218
-13.8392,-8.9173,-4.6152,-1.7700,-13.6981,-8.7777,-4.5086,-1.5528,R,3.7641
-14.0709,-9.0032,-4.6486,-1.6662,-13.9267,-8.8859,-4.5430,-1.5185,L,0.8849
-14.3043,-9.0840,-4.6800,-1.5609,-14.1797,-8.9772,-4.6683,-1.4853,R,2.9340
-14.5391,-9.1594,-4.7094,-1.4540,-14.4049,-9.0870,-4.6793,-1.4732,L,0.6334
-14.7754,-9.2294,-4.7366,-1.3457,-14.6335,-9.1582,-4.6839,-1.3729,R,0.2812
-15.0130,-9.2940,-4.7616,-1.2360,-14.9202,-9.1569,-4.7962,-1.1072,L,2.1276
-15.2517,-9.3530,-4.7844,-1.1250,-15.1793,-9.2299,-4.8499,-1.0370,R,4.5167
-15.4916,-9.4065,-4.8048,-1.0127,-15.4460,-9.3431,-4.9002,-1.0573,L,5.3098
-15.7324,-9.4543,-4.8228,-0.8992,-15.6876,-9.3736,-4.8688,-0.8815,R,2.1032
-15.9741,-9.4964,-4.8383,-0.7845,-15.9460,-9.4567,-4.9045,-0.8598,L,2.1196
-16.2164,-9.5328,-4.8512,-0.6687,-16.1963,-9.4674,-4.9031,-0.6734,R,2.2966
-16.4594,-9.5633,-4.8616,-0.5520,-16.4478,-9.4617,-4.9269,-0.4861,L,0.5402
-16.7027,-9.5880,-4.8693,-0.4343,-16.6641,-9.4632,-4.8702,-0.3314,R,5.1499
-16.9464,-9.6067,-4.8743,-0.3158,-16.9485,-9.4479,-4.9342,-0.1363,L,1.5421
-17.1903,-9.6195,-4.8765,-0.1965,-17.2016,-9.5055,-4.9732,-0.1508,R,7.8371
-17.4342,-9.6264,-4.8758,-0.0765,-17.4625,-9.5227,-4.9934,-0.0615,L,0.4970
-17.6781,-9.6272,-4.8723,0.0441,-17.7197,-9.5128,-4.9811,0.0906,R,1.6942
-17.9216,-9.6219,-4.8659,0.1652,-17.9747,-9.4803,-4.9853,0.2603,L,0.2094
-18.1648,-9.6106,-4.8565,0.2866,-18.2175,-9.4444,-4.9394,0.4368,R,0.7154
-18.4074,-9.5933,-4.8441,0.4085,-18.4186,-9.4889,-4.8693,0.3911,L,2.2122
-18.6493,-9.5698,-4.8286,0.5305,-18.6549,-9.4761,-4.8753,0.4613,R,1.7085
-18.8904,-9.5402,-4.8101,0.6527,-18.9038,-9.4663,-4.8731,0.5356,L,0.2694
-19.1305,-9.5045,-4.7885,0.7749,-19.1339,-9.4285,-4.8604,0.6413,R,3.9494
-19.3694,-9.4626,-4.7638,0.8971,-19.3805,-9.3096,-4.8415,0.9251,L,3.0509
-19.6069,-9.4147,-4.7359,1.0191,-19.6130,-9.2356,-4.7709,1.1077,R,1.1559
-19.8431,-9.3607,-4.7049,1.1408,-19.8663,-9.1119,-4.7485,1.3685,L,1.4060
-20.0775,-9.3006,-4.6707,1.2622,-20.1038,-9.0110,-4.7070,1.5533,R,4.9853
-20.3102,-9.2345,-4.6333,1.3830,-20.2741,-9.1385,-4.6170,1.2256,L,14.4635
-20.5409,-9.1623,-4.5927,1.5033,-20.5131,-9.0965,-4.6200,1.2750,R,1.5724
-20.7696,-9.0841,-4.5490,1.6230,-20.7349,-9.0000,-4.5764,1.4332,L,0.7124
-20.9959,-8.9999,-4.5020,1.7418,-20.9771,-8.9195,-4.5533,1.5555,R,2.4722
-21.2198,-8.9099,-4.4519,1.8597,-21.1728,-8.8512,-4.4766,1.6243,L,1.2532
-21.4412,-8.8139,-4.3986,1.9767,-21.4058,-8.7644,-4.4377,1.7406,R,1.9320
-21.6597,-8.7122,-4.3422,2.0925,-21.5976,-8.7391,-4.3688,1.7032,L,1.6839
-21.8754,-8.6047,-4.2827,2.2071,-21.7876,-8.6013,-4.2112,1.9258,R,6.5427
-22.0881,-8.4914,-4.2201,2.3204,-21.9910,-8.5235,-4.1610,1.9829,L,0.1531
-22.2975,-8.3726,-4.1544,2.4323,-22.2004,-8.4167,-4.1427,2.0778,R,1.9856
-22.5035,-8.2482,-4.0856,2.5427,-22.4329,-8.3161,-4.1332,2.1666,L,1.2622
-22.7061,-8.1183,-4.0139,2.6515,-22.6233,-8.2021,-4.0413,2.2736,R,0.9025
-22.9049,-7.9830,-3.9392,2.7585,-22.8646,-7.9582,-4.0005,2.6320,L,6.1308
-23.1000,-7.8424,-3.8616,2.8637,-23.0546,-7.8107,-3.8506,2.7913,R,3.6917
-23.2911,-7.6966,-3.7812,2.9670,-23.2850,-7.6310,-3.8123,2.9806,L,2.2908
-23.4781,-7.5457,-3.6979,3.0683,-23.4848,-7.4899,-3.7966,3.0435,R,1.6254
-23.6609,-7.3898,-3.6119,3.1675,-23.6509,-7.3464,-3.6878,3.1175,L,0.6602
-23.8393,-7.2290,-3.5232,3.2645,-23.8420,-7.1856,-3.6322,3.2135,R,0.8933
-24.0132,-7.0634,-3.4319,3.3592,-24.0021,-7.0938,-3.5458,3.1678,L,2.0193
-24.1825,-6.8931,-3.3380,3.4515,-24.1699,-6.9121,-3.4262,3.3031,R,2.0074
-24.3470,-6.7182,-3.2417,3.5414,-24.3332,-6.6576,-3.2937,3.5550,L,3.3346
-24.5066,-6.5390,-3.1429,3.6287,-24.5004,-6.4813,-3.1709,3.6519,R,3.5185
-24.6612,-6.3554,-3.0418,3.7135,-24.5977,-6.3441,-3.0000,3.6417,L,5.2789
-24.8107,-6.1676,-2.9385,3.7955,-24.7381,-6.1558,-2.8825,3.7320,R,0.3170
-24.9550,-5.9759,-2.8330,3.8748,-24.9218,-5.9487,-2.8314,3.8534,L,2.7201
-25.0940,-5.7802,-2.7254,3.9513,-25.0525,-5.7440,-2.7133,3.9461,R,1.8638
-25.2276,-5.5808,-2.6158,4.0249,-25.1850,-5.5725,-2.6124,3.9716,L,0.3167
-25.3556,-5.3778,-2.5043,4.0956,-25.3379,-5.3864,-2.5884,4.0068,R,1.3066
-25.4779,-5.1713,-2.3911,4.1632,-25.4823,-5.1600,-2.5010,4.1188,L,0.6323
-25.5946,-4.9615,-2.2761,4.2278,-25.6133,-4.9830,-2.4711,4.1133,R,6.4185
-25.7055,-4.7486,-2.1596,4.2893,-25.7265,-4.8110,-2.3703,4.1098,L,0.5446
-25.8105,-4.5327,-2.0415,4.3476,-25.8476,-4.6051,-2.2979,4.1596,R,0.2519
-25.9096,-4.3139,-1.9220,4.4028,-25.9600,-4.3600,-2.1872,4.2749,L,0.5399
-26.0027,-4.0925,-1.8012,4.4547,-26.0699,-4.1392,-2.0067,4.3560,R,11.0205
-26.0897,-3.8686,-1.6793,4.5034,-26.1620,-3.8533,-1.8564,4.5212,L,1.9904
-26.1706,-3.6423,-1.5562,4.5487,-26.2364,-3.6158,-1.6302,4.6011,R,3.5784
-26.2453,-3.4138,-1.4322,4.5908,-26.2659,-3.3490,-1.4002,4.6965,L,4.4069
-26.3138,-3.1833,-1.3073,4.6295,-26.3156,-3.1039,-1.1877,4.7561,R,0.5804
-26.3760,-2.9510,-1.1816,4.6649,-26.3403,-2.8700,-0.9895,4.7755,L,1.4602
-26.4319,-2.7170,-1.0553,4.6970,-26.3977,-2.6432,-0.8753,4.7846,R,1.3841
-26.4815,-2.4814,-0.9284,4.7256,-26.4733,-2.4927,-0.8189,4.6729,L,5.7688
-26.5247,-2.2446,-0.8011,4.7509,-26.5281,-2.2577,-0.7361,4.6965,R,0.9645
-26.5616,-2.0065,-0.6734,4.7728,-26.5778,-2.0626,-0.6388,4.6542,L,1.1798
-26.5921,-1.7674,-0.5456,4.7914,-26.6084,-1.8268,-0.5433,4.6713,R,1.9982
-26.6161,-1.5275,-0.4176,4.8066,-26.6066,-1.5771,-0.3668,4.7046,L,1.1458
-26.6338,-1.2869,-0.2895,4.8185,-26.6040,-1.3476,-0.1721,4.7022,R,1.6857
-26.6451,-1.0459,-0.1616,4.8271,-26.6076,-1.1207,-0.0339,4.6918,L,0.0329
-26.6500,-0.8044,-0.0339,4.8324,-26.6365,-0.8968,0.0400,4.6809,R,5.1331
-26.6485,-0.5628,0.0935,4.8344,-26.6475,-0.6448,0.1519,4.7114,L,0.5563
-26.6406,-0.3212,0.2206,4.8332,-26.6351,-0.4028,0.3282,4.7173,R,2.2668
-26.6264,-0.0797,0.3471,4.8287,-26.5901,-0.1065,0.5267,4.7957,L,2.6452
-26.6059,0.1615,0.4730,4.8212,-26.5706,0.1333,0.6670,4.7824,R,2.7570
-26.5792,0.4022,0.5983,4.8104,-26.5470,0.4266,0.8028,4.8524,L,1.6358
-26.5462,0.6423,0.7227,4.7967,-26.5344,0.6646,0.8489,4.8304,R,1.7924
-26.5069,0.8817,0.8463,4.7799,-26.5262,0.9466,0.9286,4.8825,L,2.9619
-26.4616,1.1201,0.9690,4.7601,-26.4881,1.2062,0.9717,4.8879,R,7.2081
-26.4101,1.3575,1.0905,4.7374,-26.4306,1.4425,1.1033,4.8483,L,0.0790
-26.3526,1.5936,1.2110,4.7118,-26.3921,1.6606,1.1532,4.7882,R,8.4774
-26.2891,1.8284,1.3302,4.6834,-26.3365,1.8706,1.2559,4.7138,L,0.3931
-26.2197,2.0617,1.4481,4.6524,-26.2689,2.1019,1.3831,4.6749,R,0.2076
-26.1444,2.2934,1.5647,4.6186,-26.2064,2.2941,1.4750,4.5761,L,0.8311
-26.0633,2.5234,1.6798,4.5822,-26.1438,2.5209,1.5228,4.5446,R,0.8839
-25.9765,2.7514,1.7934,4.5433,-26.0645,2.7632,1.6316,4.5341,L,0.1168
-25.8841,2.9775,1.9054,4.5020,-25.9703,2.9865,1.8118,4.4803,R,2.7829
-25.7861,3.2014,2.0158,4.4583,-25.8683,3.2663,1.9467,4.5248,L,1.5044
-25.6826,3.4231,2.1245,4.4123,-25.7854,3.4962,2.0328,4.4890,R,2.1515
-25.5737,3.6424,2.2315,4.3640,-25.6798,3.6968,2.1407,4.4002,L,0.2397
-25.4596,3.8592,2.3366,4.3137,-25.5634,3.9047,2.2673,4.3241,R,1.1276
-25.3402,4.0735,2.4399,4.2612,-25.4967,4.0833,2.2904,4.2224,L,3.8325
-25.2157,4.2851,2.5413,4.2069,-25.3738,4.2852,2.4071,4.1488,R,0.6008
-25.0863,4.4940,2.6407,4.1506,-25.2142,4.5042,2.5701,4.0969,L,2.0055
-24.9518,4.7000,2.7382,4.0925,-25.0638,4.7002,2.6639,4.0198,R,8.9314
-24.8126,4.9030,2.8336,4.0327,-24.9456,4.8938,2.7343,3.9495,L,0.4413
-24.6686,5.1030,2.9270,3.9713,-24.7898,5.0847,2.8515,3.8680,R,2.3001
-24.5201,5.2999,3.0183,3.9084,-24.6214,5.2994,2.9866,3.8274,L,0.9160
-24.3670,5.4937,3.1075,3.8440,-24.4497,5.4787,3.1546,3.7138,R,0.9447
-24.2095,5.6841,3.1946,3.7783,-24.2631,5.6517,3.2907,3.5999,L,1.2271
-24.0477,5.8713,3.2796,3.7113,-24.0974,5.8137,3.4096,3.4746,R,3.2402
-23.8818,6.0551,3.3624,3.6431,-23.9240,5.9739,3.5034,3.3590,L,0.0589
-23.7117,6.2354,3.4430,3.5738,-23.7801,6.1574,3.4480,3.3352,R,4.6679
-23.5377,6.4123,3.5215,3.5036,-23.6130,6.3126,3.5175,3.2345,L,0.0921
-23.3598,6.5856,3.5978,3.4324,-23.4644,6.4846,3.5121,3.1927,R,1.8591
-23.1781,6.7553,3.6718,3.3604,-23.2382,6.7090,3.6655,3.2161,L,4.3059
-22.9928,6.9215,3.7438,3.2877,-23.0435,6.8501,3.7286,3.1044,R,5.5650
-22.8040,7.0839,3.8135,3.2143,-22.8292,7.0236,3.8398,3.0480,L,1.0093
-22.6117,7.2427,3.8811,3.1404,-22.6176,7.1593,3.9513,2.9191,R,1.4822
-22.4161,7.3978,3.9465,3.0660,-22.4326,7.3039,3.9980,2.8323,L,0.3085
-22.2173,7.5492,4.0097,2.9912,-22.2032,7.4328,4.1707,2.6782,R,2.4941
-22.0154,7.6968,4.0709,2.9161,-22.0218,7.5945,4.1999,2.6401,L,2.1311
-21.8105,7.8406,4.1299,2.8407,-21.8377,7.7637,4.1674,2.6484,R,5.8452
-21.6026,7.9807,4.1868,2.7653,-21.6298,7.9061,4.2240,2.5795,L,0.0844
-21.3920,8.1170,4.2417,2.6897,-21.4397,8.0398,4.2252,2.5167,R,1.6991
-21.1787,8.2496,4.2945,2.6142,-21.2153,8.0754,4.2820,2.2549,L,4.3996
-20.9628,8.3783,4.3453,2.5387,-21.0245,8.2267,4.2194,2.2799,R,6.5001
-20.7444,8.5033,4.3941,2.4634,-20.8456,8.3781,4.2210,2.2784,L,3.1958
-20.5237,8.6246,4.4409,2.3883,-20.6043,8.4905,4.3438,2.1727,R,4.3263
-20.3006,8.7421,4.4858,2.3136,-20.3538,8.6294,4.4376,2.1408,L,1.3712
-20.0753,8.8558,4.5288,2.2392,-20.1562,8.7585,4.3840,2.1402,R,2.0204
-19.8480,8.9659,4.5700,2.1652,-19.9572,8.8596,4.3904,2.0589,L,0.5993
-19.6186,9.0723,4.6094,2.0918,-19.7592,8.9767,4.3442,2.0462,R,1.5850
-19.3873,9.1750,4.6469,2.0189,-19.5368,9.0490,4.3793,1.9216,L,0.5303
-19.1542,9.2741,4.6828,1.9467,-19.2971,9.1566,4.4556,1.8637,R,4.4425
-18.9193,9.3696,4.7169,1.8751,-19.0096,9.2500,4.5786,1.7815,L,5.9579
-18.6827,9.4615,4.7494,1.8043,-18.7935,9.3330,4.5920,1.6953,R,1.6703
-18.4446,9.5500,4.7803,1.7343,-18.5373,9.4368,4.6614,1.6538,L,0.7744
-18.2049,9.6349,4.8096,1.6651,-18.2718,9.4694,4.7883,1.4257,R,5.6671
-17.9639,9.7164,4.8374,1.5969,-17.9784,9.6022,4.9063,1.4507,L,3.3657
-17.7214,9.7946,4.8637,1.5296,-17.7331,9.6942,4.8887,1.4398,R,2.9132
-17.4777,9.8694,4.8886,1.4634,-17.4572,9.8038,4.9640,1.4340,L,1.1324
-17.2328,9.9409,4.9120,1.3982,-17.2088,9.8816,4.9908,1.3678,R,0.4511
-16.9868,10.0091,4.9342,1.3341,-16.9359,10.0058,5.0548,1.4045,L,1.3713
-16.7396,10.0743,4.9551,1.2711,-16.6803,10.0743,5.0789,1.3285,R,0.0508
-16.4915,10.1362,4.9747,1.2094,-16.4327,10.1802,5.0956,1.3382,L,1.3025
-16.2424,10.1952,4.9931,1.1488,-16.1747,10.2502,5.1290,1.2665,R,0.5155
-15.9924,10.2511,5.0104,1.0896,-15.9412,10.2725,5.1053,1.1142,L,0.7525
-15.7416,10.3041,5.0266,1.0316,-15.6931,10.3386,5.0948,1.0795,R,0.2951
-15.4899,10.3543,5.0417,0.9750,-15.4741,10.3298,5.0429,0.8869,L,1.8030
-15.2376,10.4016,5.0558,0.9197,-15.1769,10.3564,5.1708,0.7225,R,7.7954
-14.9846,10.4462,5.0689,0.8658,-14.9167,10.4109,5.1911,0.6742,L,0.2387
-14.7309,10.4882,5.0811,0.8134,-14.6737,10.4461,5.1143,0.6566,R,6.5078
-14.4766,10.5276,5.0924,0.7624,-14.4322,10.4110,5.0824,0.4485,L,2.1522
-14.2218,10.5645,5.1029,0.7129,-14.1719,10.4363,5.0914,0.3823,R,0.5627
-13.9665,10.5989,5.1126,0.6649,-13.8648,10.5863,5.2110,0.5692,L,7.8842
-13.7107,10.6310,5.1216,0.6185,-13.6103,10.6476,5.1666,0.6261,R,2.2588
-13.4545,10.6608,5.1298,0.5736,-13.3609,10.6451,5.1529,0.5022,L,0.5219
-13.1979,10.6884,5.1374,0.5303,-13.0978,10.6713,5.1701,0.4434,R,0.1999
-12.9409,10.7138,5.1444,0.4886,-12.8419,10.7643,5.1885,0.5288,L,4.0915
-12.6836,10.7373,5.1507,0.4485,-12.5770,10.8159,5.1915,0.5490,R,1.4794
-12.4260,10.7587,5.1565,0.4100,-12.3434,10.7811,5.1434,0.3764,L,1.8478
-12.1681,10.7783,5.1618,0.3732,-12.0872,10.8181,5.1263,0.3908,R,0.7041
-11.9100,10.7961,5.1666,0.3380,-11.8397,10.8813,5.1275,0.4311,L,2.1602
-11.6516,10.8121,5.1709,0.3045,-11.5630,10.9027,5.1602,0.3932,R,2.6508
-11.3930,10.8265,5.1748,0.2728,-11.3343,10.9162,5.1184,0.3377,L,0.8230
-11.1342,10.8394,5.1784,0.2427,-11.0692,10.8520,5.1974,0.0103,R,9.4891
-10.8753,10.8509,5.1815,0.2143,-10.7775,10.8253,5.2359,-0.1091,L,2.7105
-10.6161,10.8609,5.1844,0.1877,-10.5218,10.8218,5.2229,-0.1686,R,0.1786
-10.3569,10.8697,5.1869,0.1628,-10.2890,10.8161,5.1793,-0.2311,L,1.0171
-10.0976,10.8772,5.1891,0.1396,-10.0416,10.8691,5.1104,-0.0725,R,6.6626
-9.8381,10.8837,5.1911,0.1182,-9.7806,10.9155,5.1332,-0.0219,L,2.1069
-9.5785,10.8891,5.1928,0.0986,-9.5506,10.8962,5.0810,-0.0929,R,3.9690
-9.3189,10.8936,5.1943,0.0807,-9.2895,10.9219,5.1004,-0.0766,L,0.7306
-9.0592,10.8972,5.1956,0.0646,-9.0445,10.9024,5.0684,-0.1285,R,2.6343
-8.7994,10.9001,5.1967,0.0502,-8.7796,10.9332,5.0963,-0.0948,L,1.0713
-8.5395,10.9023,5.1976,0.0377,-8.5406,10.8909,5.0569,-0.1980,R,6.3685
-8.2797,10.9039,5.1984,0.0269,-8.3750,10.8125,4.8968,-0.3694,L,5.1586
-8.0197,10.9050,5.1990,0.0180,-8.1249,10.8242,4.8917,-0.3237,R,1.5518
-7.7598,10.9057,5.1994,0.0108,-7.7885,10.8693,5.0521,-0.2358,L,5.4372
-7.4998,10.9061,5.1997,0.0054,-7.5269,10.8700,5.0467,-0.1971,R,2.1782
-7.2398,10.9063,5.1999,0.0018,-7.2508,10.8576,5.0827,-0.2233,L,0.5818
